0.1800 10.0956 16.3342 5.6211
0.3601 5.8156 9.1590 3.1287
0.5401 5.7060 9.5252 2.7228
0.7201 6.0346 8.1730 4.1832
0.9002 5.0357 5.4340 4.6490
1.0802 5.6831 6.1011 5.2775
1.2603 4.8644 5.6452 4.1272
1.4403 4.1396 4.8775 3.4417
1.6203 4.7595 6.9191 2.9043
1.8004 4.4644 6.5740 2.6492
1.9804 4.8245 6.9953 2.9605
2.1604 5.0719 7.2853 3.1740
2.3405 4.9899 6.3718 3.7383
2.5205 4.8968 6.2688 3.6538
2.7005 4.7695 6.1279 3.5381
2.8806 5.1007 6.4944 3.8389
3.0606 5.2501 6.1914 4.3705
3.2407 5.0737 6.0024 4.2055
3.4207 5.4164 6.3696 4.5261
3.6007 5.3426 6.2906 4.4571
3.7808 5.2762 6.2194 4.3950
3.9608 5.1138 6.0454 4.2430
4.1408 4.9828 5.9051 4.1204
4.3209 4.8854 5.8008 4.0293
4.5009 4.9000 5.5334 4.2955
4.6809 4.8225 5.4522 4.2215
4.8610 4.7001 5.3239 4.1046
5.0410 4.5637 5.1810 3.9743
5.2210 4.5706 5.1881 3.9809
5.4011 4.4801 5.0934 3.8945
5.5811 4.3750 4.9832 3.7940
5.7612 4.2868 4.8909 3.7097
5.9412 4.2494 5.2705 3.3032
6.1212 4.3381 5.3664 3.3855
6.3013 4.2871 5.3112 3.3381
6.4813 4.1775 5.1928 3.2364
6.6613 4.2246 5.2437 3.2801
6.8414 4.3069 5.3326 3.3565
7.0214 4.2414 5.2618 3.2957
7.2014 4.4049 5.4386 3.4474
7.3815 4.3640 5.3944 3.4095
7.5615 4.3311 5.3588 3.3790
7.7416 4.3729 5.4040 3.4177
7.9216 4.3611 5.3912 3.4068
8.1016 4.2870 5.3111 3.3381
8.2817 4.3491 5.3783 3.3957
8.4617 4.2581 5.2799 3.3113
8.6417 4.1856 5.2015 3.2440
8.8218 4.2072 5.2249 3.2640
9.0018 4.2347 4.8139 3.6804
9.1818 4.1706 4.7469 3.6190
9.3619 4.1193 4.6932 3.5699
9.5419 4.1548 4.7304 3.6039
9.7220 4.1250 4.6992 3.5753
9.9020 4.1591 4.7349 3.6081
10.0820 4.0768 4.6488 3.5292
10.2621 4.0928 4.6656 3.5446
10.4421 4.1363 4.7110 3.5862
10.6221 4.1914 4.7686 3.6389
10.8022 4.1577 4.7334 3.6067
10.9822 4.1578 4.7335 3.6068
11.1622 4.1674 4.7435 3.6160
11.3423 4.1042 4.6774 3.5554
11.5223 4.1223 4.6964 3.5728
11.7023 4.0667 4.6382 3.5195
11.8824 4.0617 4.2061 3.9190
12.0624 4.1494 4.2948 4.0057
12.2425 4.2738 4.4205 4.1287
12.4225 4.2888 4.4358 4.1436
12.6025 4.3265 4.4739 4.1808
12.7826 4.2671 4.4137 4.1220
12.9626 4.2846 4.4314 4.1394
13.1426 4.2410 4.3874 4.0963
13.3227 4.2067 4.3527 4.0623
13.5027 4.1574 4.3028 4.0136
13.6827 4.2230 4.3692 4.0785
13.8628 4.2797 4.4265 4.1345
14.0428 4.2949 4.4419 4.1496
14.2229 4.2510 4.3974 4.1061
14.4029 4.2345 4.3808 4.0898
14.5829 4.2310 4.3772 4.0863
14.7630 4.1694 4.3149 4.0255
14.9430 4.1096 4.2544 3.9663
15.1230 4.0514 4.1957 3.9088
15.3031 3.9949 4.1385 3.8530
15.4831 3.9400 4.0830 3.7986
15.6631 3.8865 4.0289 3.7458
15.8432 3.8345 3.9763 3.6943
16.0232 3.8443 3.9861 3.7039
16.2033 3.8591 4.0012 3.7186
16.3833 3.8342 3.9759 3.6939
16.5633 3.9006 4.0431 3.7597
16.7434 3.9031 4.0457 3.7622
16.9234 3.8596 4.0017 3.7191
17.1034 3.8852 4.0276 3.7444
17.2835 3.9273 4.0701 3.7860
17.4635 3.9313 4.0741 3.7900
17.6435 3.9829 4.1264 3.8411
17.8236 3.9735 4.1049 3.8434
18.0036 3.9642 4.0956 3.8342
18.1837 3.9779 4.1094 3.8477
18.3637 3.9812 4.1127 3.8510
18.5437 3.9915 4.1231 3.8612
18.7238 3.9719 4.1034 3.8418
18.9038 3.9833 4.1148 3.8531
19.0838 3.9610 4.0923 3.8310
19.2639 3.9641 4.0954 3.8340
19.4439 3.9816 4.1131 3.8514
19.6239 3.9389 4.0700 3.8092
19.8040 3.9446 4.0757 3.8147
19.9840 3.9571 4.0884 3.8272
20.1640 3.9809 4.1124 3.8507
20.3441 4.0109 4.1427 3.8804
20.5241 3.9708 4.1022 3.8407
20.7042 3.9686 4.1000 3.8385
20.8842 3.9854 4.1170 3.8551
21.0642 3.9794 4.1109 3.8492
21.2443 4.0018 4.1335 3.8714
21.4243 4.0037 4.1354 3.8732
21.6043 3.9876 4.1192 3.8573
21.7844 3.9486 4.0798 3.8187
21.9644 3.9104 4.0412 3.7809
22.1444 3.9202 4.0512 3.7907
22.3245 3.9217 4.0526 3.7921
22.5045 3.8847 4.0152 3.7555
22.6846 3.8831 4.0136 3.7539
22.8646 3.8829 4.0135 3.7537
23.0446 3.8577 3.9880 3.7288
23.2247 3.8485 3.9786 3.7196
23.4047 3.8265 3.9564 3.6979
23.5847 3.8327 3.9627 3.7040
23.7648 3.8570 4.0967 3.6217
23.9448 3.8778 4.1179 3.6421
24.1248 3.9010 4.1415 3.6649
24.3049 3.9326 4.1737 3.6959
24.4849 3.9234 4.1644 3.6869
24.6650 3.9368 4.1780 3.7001
24.8450 3.9662 4.2080 3.7290
25.0250 3.9696 4.2115 3.7323
25.2051 3.9810 4.2230 3.7434
25.3851 3.9969 4.2392 3.7590
25.5651 4.0256 4.2685 3.7872
25.7452 4.0028 4.2453 3.7649
25.9252 4.0417 4.2849 3.8030
26.1052 4.0696 4.3133 3.8304
26.2853 4.0982 4.3425 3.8585
26.4653 4.1160 4.3606 3.8759
26.6454 4.1246 4.3694 3.8843
26.8254 4.1516 4.3969 3.9108
27.0054 4.1455 4.3907 3.9049
27.1855 4.1625 4.4081 3.9216
27.3655 4.1603 4.4058 3.9194
27.5455 4.1516 4.3969 3.9108
27.7256 4.1618 4.4073 3.9209
27.9056 4.1737 4.4195 3.9326
28.0856 4.1609 4.4064 3.9200
28.2657 4.1793 4.4251 3.9381
28.4457 4.1880 4.4340 3.9466
28.6257 4.2260 4.4727 3.9839
28.8058 4.2271 4.4739 3.9850
28.9858 4.2480 4.4952 4.0055
29.1659 4.2416 4.4887 3.9992
29.3459 4.2283 4.4751 3.9861
29.5259 4.2743 4.5219 4.0312
29.7060 4.2728 4.5205 4.0299
29.8860 4.3013 4.5495 4.0578
30.0660 4.3016 4.5498 4.0581
30.2461 4.2934 4.5415 4.0500
30.4261 4.2630 4.5105 4.0202
30.6061 4.2695 4.5171 4.0266
30.7862 4.2662 4.5137 4.0233
30.9662 4.2780 4.5258 4.0349
31.1463 4.2618 4.5093 4.0190
31.3263 4.2572 4.5045 4.0145
31.5063 4.2445 4.4916 4.0020
31.6864 4.2479 4.4951 4.0054
31.8664 4.2672 4.5147 4.0243
32.0464 4.2755 4.5232 4.0324
32.2265 4.2636 4.5111 4.0208
32.4065 4.2353 4.4822 3.9930
32.5865 4.2073 4.4537 3.9656
32.7666 4.1797 4.4256 3.9385
32.9466 4.1525 4.3978 3.9117
33.1267 4.1256 4.3704 3.8853
33.3067 4.1047 4.3491 3.8648
33.4867 4.0891 4.3332 3.8495
33.6668 4.1163 4.3609 3.8762
33.8468 4.1162 4.3608 3.8761
34.0268 4.1048 4.3493 3.8650
34.2069 4.1228 4.3676 3.8827
34.3869 4.1199 4.3646 3.8797
34.5669 4.1351 4.3801 3.8947
34.7470 4.1234 4.3681 3.8832
34.9270 4.1152 4.3599 3.8752
35.1070 4.1210 4.3657 3.8808
35.2871 4.1331 4.3780 3.8927
35.4671 4.1277 4.4655 3.7985
35.6472 4.1463 4.4846 3.8166
35.8272 4.1482 4.4866 3.8185
36.0072 4.1641 4.5029 3.8340
36.1873 4.1548 4.4933 3.8249
36.3673 4.1430 4.4813 3.8134
36.5473 4.1436 4.4818 3.8140
36.7274 4.1602 4.4989 3.8302
36.9074 4.1456 4.4839 3.8160
37.0874 4.1250 4.4628 3.7959
37.2675 4.1156 4.4532 3.7868
37.4475 4.1143 4.4517 3.7854
37.6276 4.1253 4.4631 3.7962
37.8076 4.1330 4.4709 3.8037
37.9876 4.1186 4.4562 3.7897
38.1677 4.1268 4.4646 3.7976
38.3477 4.1208 4.4584 3.7918
38.5277 4.0984 4.4355 3.7700
38.7078 4.1027 4.4399 3.7742
38.8878 4.1169 4.4544 3.7880
39.0678 4.1223 4.4600 3.7933
39.2479 4.1074 4.4447 3.7787
39.4279 4.0947 4.4317 3.7664
39.6080 4.0924 4.4293 3.7641
39.7880 4.0735 4.4099 3.7457
39.9680 4.0744 4.4108 3.7465
40.1481 4.0935 4.4304 3.7652
40.3281 4.0966 4.4336 3.7682
40.5081 4.0891 4.4260 3.7609
40.6882 4.0833 4.4199 3.7552
40.8682 4.0648 4.4010 3.7373
41.0482 4.0710 4.4074 3.7433
41.2283 4.0861 4.4228 3.7580
41.4083 4.0674 4.4036 3.7397
41.5884 4.0678 4.4040 3.7401
41.7684 4.0749 4.4113 3.7471
41.9484 4.0778 4.4143 3.7499
42.1285 4.0965 4.4336 3.7682
42.3085 4.1101 4.4475 3.7814
42.4885 4.0908 4.4277 3.7626
42.6686 4.0909 4.4277 3.7626
42.8486 4.0973 4.4344 3.7689
43.0286 4.1137 4.4512 3.7849
43.2087 4.1223 4.4600 3.7933
43.3887 4.1183 4.4559 3.7894
43.5687 4.1160 4.4535 3.7871
43.7488 4.1366 4.4747 3.8072
43.9288 4.1238 4.4616 3.7947
44.1089 4.1191 4.4567 3.7902
44.2889 4.1222 4.4599 3.7931
44.4689 4.1233 4.4611 3.7943
44.6490 4.1330 4.4710 3.8037
44.8290 4.1157 4.4532 3.7868
45.0090 4.0961 4.4331 3.7677
45.1891 4.0767 4.4132 3.7488
45.3691 4.0575 4.3935 3.7301
45.5491 4.0384 4.3739 3.7115
45.7292 4.0196 4.3546 3.6931
45.9092 4.0009 4.3354 3.6749
46.0893 3.9824 4.3164 3.6569
46.2693 3.9640 4.2975 3.6390
46.4493 3.9458 4.2789 3.6213
46.6294 3.9278 4.2604 3.6037
46.8094 3.9100 4.2421 3.5863
46.9894 3.9104 4.2425 3.5867
47.1695 3.9386 4.2714 3.6142
47.3495 3.9267 4.0324 3.8219
47.5295 3.9328 4.0385 3.8279
47.7096 3.9205 4.0261 3.8157
47.8896 3.9248 4.0304 3.8200
48.0697 3.9482 4.0541 3.8433
48.2497 3.9456 4.0514 3.8406
48.4297 3.9593 4.0652 3.8542
48.6098 3.9737 4.0798 3.8685
48.7898 3.9888 4.0950 3.8835
48.9698 4.0204 4.1269 3.9148
49.1499 4.0075 4.1139 3.9020
49.3299 4.0124 4.1188 3.9069
49.5099 4.0057 4.1120 3.9002
49.6900 3.9891 4.0954 3.8838
49.8700 3.9816 4.0877 3.8763
50.0501 3.9888 4.0950 3.8835
50.2301 3.9862 4.0923 3.8808
50.4101 3.9693 4.0753 3.8641
50.5902 3.9526 4.0585 3.8476
50.7702 3.9360 4.0418 3.8311
50.9502 3.9465 4.0524 3.8415
51.1303 3.9415 4.0474 3.8366
51.3103 3.9474 4.0533 3.8424
51.4903 3.9623 4.0683 3.8572
51.6704 3.9512 4.0571 3.8462
51.8504 3.9532 4.0591 3.8482
52.0304 3.9531 4.0590 3.8481
52.2105 3.9680 4.0740 3.8629
52.3905 3.9811 4.0872 3.8758
52.5706 3.9936 4.0999 3.8882
52.7506 3.9994 4.1057 3.8939
52.9306 3.9979 4.1041 3.8925
53.1107 3.9906 4.0969 3.8853
53.2907 3.9893 4.0955 3.8839
53.4707 3.9830 4.0892 3.8778
53.6508 3.9836 4.0897 3.8783
53.8308 3.9773 4.0834 3.8720
54.0108 3.9826 4.0888 3.8774
54.1909 3.9893 4.0955 3.8840
54.3709 3.9838 4.0899 3.8785
54.5510 3.9682 4.0742 3.8630
54.7310 3.9689 4.0750 3.8638
54.9110 3.9806 4.0867 3.8753
55.0911 3.9817 4.0878 3.8764
55.2711 3.9759 4.0820 3.8706
55.4511 3.9770 4.0831 3.8717
55.6312 3.9770 4.0831 3.8718
55.8112 3.9758 4.0819 3.8706
55.9912 3.9725 4.0785 3.8673
56.1713 3.9645 4.0705 3.8593
56.3513 3.9547 4.0606 3.8496
56.5314 3.9494 4.0553 3.8444
56.7114 3.9400 4.0458 3.8351
56.8914 3.9382 4.0439 3.8332
57.0715 3.9548 4.0607 3.8497
57.2515 3.9478 4.0537 3.8428
57.4315 3.9398 4.0456 3.8349
57.6116 3.9580 4.0639 3.8529
57.7916 3.9753 4.0814 3.8700
57.9716 3.9736 4.0797 3.8684
58.1517 3.9731 4.0791 3.8679
58.3317 3.9736 4.0796 3.8684
58.5117 3.9748 4.0809 3.8696
58.6918 3.9642 4.0702 3.8590
58.8718 3.9759 4.0820 3.8707
59.0519 3.9771 4.0832 3.8719
59.2319 3.9839 4.0901 3.8786
59.4119 3.9791 4.0852 3.8738
59.5920 3.9799 4.0860 3.8746
59.7720 3.9984 4.1047 3.8930
59.9520 3.9966 4.1029 3.8913
60.1321 4.0057 4.1120 3.9002
60.3121 4.0100 4.1164 3.9045
60.4921 4.0249 4.1314 3.9192
60.6722 4.0361 4.1427 3.9304
60.8522 4.0245 4.1310 3.9189
61.0323 4.0142 4.1206 3.9087
61.2123 4.0103 4.1167 3.9048
61.3923 4.0052 4.1116 3.8998
61.5724 4.0136 4.1200 3.9080
61.7524 4.0237 4.1302 3.9180
61.9324 4.0362 4.1428 3.9305
62.1125 4.0487 4.1554 3.9429
62.2925 4.0644 4.1713 3.9585
62.4725 4.0683 4.1752 3.9623
62.6526 4.0753 4.1823 3.9693
62.8326 4.0628 4.1696 3.9568
63.0127 4.0542 4.1609 3.9483
63.1927 4.0623 4.1691 3.9564
63.3727 4.0570 4.1638 3.9511
63.5528 4.0622 4.1690 3.9563
63.7328 4.0820 4.1889 3.9759
63.9128 4.0809 4.1879 3.9748
64.0929 4.0870 4.1940 3.9808
64.2729 4.0795 4.1865 3.9734
64.4529 4.0961 4.2032 3.9899
64.6330 4.0954 4.2025 3.9892
64.8130 4.1103 4.2175 4.0040
64.9931 4.1296 4.2370 4.0231
65.1731 4.1252 4.2325 4.0187
65.3531 4.1368 4.2443 4.0303
65.5332 4.1378 4.2452 4.0312
65.7132 4.1422 4.2497 4.0356
65.8932 4.1441 4.2516 4.0375
66.0733 4.1513 4.2588 4.0446
66.2533 4.1615 4.2691 4.0547
66.4333 4.1601 4.2678 4.0534
66.6134 4.1694 4.2771 4.0626
66.7934 4.1747 4.2824 4.0678
66.9734 4.1680 4.2757 4.0612
67.1535 4.1707 4.2784 4.0638
67.3335 4.1734 4.2811 4.0665
67.5136 4.1734 4.2812 4.0666
67.6936 4.1732 4.2810 4.0664
67.8736 4.1771 4.2848 4.0702
68.0537 4.1639 4.2716 4.0572
68.2337 4.1520 4.2595 4.0453
68.4137 4.1419 4.2494 4.0353
68.5938 4.1435 4.2510 4.0369
68.7738 4.1348 4.2422 4.0282
68.9538 4.1355 4.2429 4.0290
69.1339 4.1302 4.2376 4.0237
69.3139 4.1175 4.2247 4.0111
69.4940 4.1196 4.2269 4.0132
69.6740 4.1293 4.2367 4.0228
69.8540 4.1388 4.2463 4.0322
70.0341 4.1261 4.2335 4.0197
70.2141 4.1245 4.2318 4.0181
70.3941 4.1318 4.2392 4.0253
70.5742 4.1244 4.2317 4.0180
70.7542 4.1156 4.2228 4.0092
70.9342 4.1166 4.3065 3.9295
71.1143 4.1162 4.3061 3.9291
71.2943 4.1229 4.3129 3.9357
71.4744 4.1334 4.3236 3.9461
71.6544 4.1280 4.3180 3.9407
71.8344 4.1406 4.3309 3.9532
72.0145 4.1436 4.3339 3.9561
72.1945 4.1450 4.3353 3.9574
72.3745 4.1487 4.3391 3.9611
72.5546 4.1479 4.3382 3.9603
72.7346 4.1646 4.3552 3.9768
72.9146 4.1649 4.3556 3.9771
73.0947 4.1612 4.3518 3.9735
73.2747 4.1696 4.3602 3.9817
73.4547 4.1698 4.3605 3.9820
73.6348 4.1723 4.3630 3.9844
73.8148 4.1629 4.3535 3.9751
73.9949 4.1737 4.3644 3.9858
74.1749 4.1707 4.3614 3.9828
74.3549 4.1828 4.3737 3.9947
74.5350 4.1816 4.3724 3.9935
74.7150 4.1719 4.3626 3.9840
74.8950 4.1727 4.3634 3.9847
75.0751 4.1729 4.3636 3.9849
75.2551 4.1623 4.3528 3.9745
75.4351 4.1583 4.3488 3.9705
75.6152 4.1747 4.3655 3.9868
75.7952 4.1813 4.3722 3.9933
75.9753 4.1908 4.3818 4.0026
76.1553 4.1923 4.3833 4.0041
76.3353 4.1998 4.3909 4.0115
76.5154 4.2033 4.3945 4.0150
76.6954 4.1916 4.3826 4.0034
76.8754 4.1799 4.3707 3.9919
77.0555 4.1682 4.3589 3.9804
77.2355 4.1632 4.3537 3.9754
77.4155 4.1618 4.3524 3.9740
77.5956 4.1580 4.3485 3.9703
77.7756 4.1681 4.3587 3.9802
77.9557 4.1703 4.3610 3.9824
78.1357 4.1831 4.3740 3.9950
78.3157 4.1888 4.3798 4.0007
78.4958 4.1877 4.3786 3.9995
78.6758 4.1951 4.3862 4.0069
78.8558 4.1851 4.3760 3.9970
79.0359 4.1737 4.3645 3.9858
79.2159 4.1802 4.3710 3.9922
79.3959 4.1832 4.3740 3.9951
79.5760 4.1842 4.3751 3.9961
79.7560 4.1895 4.3805 4.0014
79.9361 4.1853 4.3763 3.9972
80.1161 4.1845 4.3754 3.9964
80.2961 4.1869 4.3778 3.9988
80.4762 4.1989 4.3900 4.0106
80.6562 4.2032 4.3944 4.0148
80.8362 4.2068 4.3981 4.0184
81.0163 4.2116 4.4029 4.0231
81.1963 4.2082 4.3995 4.0198
81.3763 4.2027 4.3939 4.0143
81.5564 4.2059 4.3972 4.0175
81.7364 4.2107 4.4020 4.0222
81.9164 4.2259 4.4174 4.0372
82.0965 4.2207 4.4121 4.0320
82.2765 4.2096 4.4009 4.0212
82.4566 4.2042 4.3954 4.0158
82.6366 4.2066 4.3979 4.0182
82.8166 4.2171 4.4084 4.0285
82.9967 4.2270 4.4185 4.0382
83.1767 4.2206 4.4121 4.0320
83.3567 4.2252 4.4168 4.0365
83.5368 4.2227 4.4141 4.0340
83.7168 4.2304 4.4219 4.0416
83.8968 4.2286 4.4202 4.0399
84.0769 4.2222 4.4137 4.0336
84.2569 4.2155 4.4068 4.0269
84.4370 4.2137 4.4050 4.0251
84.6170 4.2196 4.4110 4.0310
84.7970 4.2215 4.4129 4.0329
84.9771 4.2122 4.4036 4.0237
85.1571 4.2064 4.3976 4.0179
85.3371 4.2077 4.3989 4.0192
85.5172 4.2093 4.4006 4.0208
85.6972 4.2022 4.3933 4.0138
85.8772 4.1980 4.3891 4.0096
86.0573 4.1900 4.3810 4.0018
86.2373 4.1934 4.3844 4.0051
86.4174 4.1983 4.3894 4.0100
86.5974 4.1945 4.3855 4.0062
86.7774 4.1997 4.3908 4.0113
86.9575 4.2023 4.3934 4.0139
87.1375 4.2091 4.4004 4.0207
87.3175 4.2011 4.3923 4.0128
87.4976 4.2084 4.3997 4.0200
87.6776 4.2186 4.4100 4.0300
87.8576 4.2239 4.4154 4.0352
88.0377 4.2198 4.4113 4.0312
88.2177 4.2239 4.4154 4.0353
88.3978 4.2191 4.4105 4.0305
88.5778 4.2255 4.4170 4.0368
88.7578 4.2257 4.4172 4.0370
88.9379 4.2208 4.4122 4.0322
89.1179 4.2117 4.4030 4.0232
89.2979 4.2079 4.3992 4.0195
89.4780 4.2039 4.3951 4.0155
89.6580 4.2068 4.3980 4.0184
89.8380 4.2061 4.3973 4.0177
90.0181 4.2059 4.3971 4.0174
90.1981 4.2065 4.3977 4.0181
90.3781 4.2112 4.4024 4.0227
90.5582 4.2187 4.4101 4.0301
90.7382 4.2127 4.4040 4.0242
90.9183 4.2106 4.4019 4.0222
91.0983 4.2157 4.4070 4.0271
91.2783 4.2200 4.4114 4.0314
91.4584 4.2258 4.4174 4.0371
91.6384 4.2258 4.4173 4.0371
91.8184 4.2317 4.4233 4.0429
91.9985 4.2225 4.4140 4.0339
92.1785 4.2226 4.4141 4.0339
92.3585 4.2159 4.4073 4.0273
92.5386 4.2094 4.4007 4.0209
92.7186 4.2015 4.3926 4.0131
92.8987 4.2000 4.3911 4.0116
93.0787 4.1976 4.3887 4.0093
93.2587 4.1889 4.3798 4.0007
93.4388 4.1805 4.3714 3.9925
93.6188 4.1775 4.3683 3.9895
93.7988 4.1854 4.3763 3.9972
93.9789 4.1979 4.3890 4.0096
94.1589 4.1891 4.3801 4.0009
94.3389 4.1880 4.3789 3.9998
94.5190 4.1900 4.4510 3.9343
94.6990 4.1841 4.4449 3.9284
94.8791 4.1908 4.4518 3.9350
95.0591 4.1929 4.4539 3.9371
95.2391 4.1905 4.4515 3.9348
95.4192 4.1907 4.4516 3.9349
95.5992 4.1903 4.4512 3.9345
95.7792 4.1923 4.4533 3.9365
95.9593 4.1909 4.4519 3.9352
96.1393 4.1833 4.4441 3.9277
96.3193 4.1880 4.4489 3.9323
96.4994 4.1786 4.4394 3.9231
96.6794 4.1718 4.4323 3.9164
96.8594 4.1746 4.4352 3.9191
97.0395 4.1753 4.4359 3.9198
97.2195 4.1706 4.4312 3.9153
97.3996 4.1730 4.4336 3.9176
97.5796 4.1677 4.4282 3.9124
97.7596 4.1628 4.4232 3.9075
97.9397 4.1618 4.4222 3.9066
98.1197 4.1652 4.4256 3.9099
98.2997 4.1727 4.4333 3.9173
98.4798 4.1878 4.4487 3.9321
98.6598 4.1960 4.4571 3.9401
98.8398 4.1962 4.4573 3.9403
99.0199 4.1880 4.4489 3.9323
99.1999 4.1920 4.4530 3.9362
99.3800 4.1943 4.4553 3.9384
99.5600 4.1869 4.4478 3.9312
99.7400 4.1822 4.4430 3.9266
99.9201 4.1848 4.4457 3.9292
100.1001 4.1909 4.4518 3.9351
100.2801 4.1855 4.4464 3.9298
100.4602 4.1867 4.4476 3.9310
100.6402 4.1834 4.4442 3.9277
100.8202 4.1818 4.4426 3.9262
101.0003 4.1887 4.4496 3.9329
101.1803 4.1877 4.4486 3.9320
101.3604 4.1814 4.4422 3.9258
101.5404 4.1844 4.4452 3.9287
101.7204 4.1888 4.4497 3.9330
101.9005 4.1929 4.4539 3.9371
102.0805 4.1929 4.4539 3.9371
102.2605 4.1861 4.4470 3.9304
102.4406 4.1831 4.4439 3.9274
102.6206 4.1828 4.4436 3.9272
102.8006 4.1825 4.4433 3.9269
102.9807 4.1819 4.4427 3.9263
103.1607 4.1850 4.4459 3.9294
103.3408 4.1931 4.4541 3.9373
103.5208 4.1883 4.4492 3.9326
103.7008 4.1885 4.4494 3.9328
103.8809 4.1967 4.4578 3.9408
104.0609 4.1901 4.4511 3.9344
104.2409 4.1865 4.4474 3.9308
104.4210 4.1822 4.4430 3.9266
104.6010 4.1803 4.4410 3.9247
104.7810 4.1797 4.4404 3.9241
104.9611 4.1814 4.4422 3.9259
105.1411 4.1780 4.4387 3.9224
105.3211 4.1809 4.4416 3.9253
105.5012 4.1748 4.4354 3.9193
105.6812 4.1806 4.4414 3.9250
105.8613 4.1854 4.4463 3.9297
106.0413 4.1838 4.4446 3.9282
106.2213 4.1851 4.4460 3.9295
106.4014 4.1809 4.4417 3.9254
106.5814 4.1860 4.4469 3.9303
106.7614 4.1843 4.4451 3.9287
106.9415 4.1894 4.4504 3.9337
107.1215 4.1930 4.4540 3.9372
107.3015 4.1997 4.4608 3.9437
107.4816 4.2016 4.4628 3.9456
107.6616 4.2051 4.4663 3.9490
107.8417 4.2123 4.4737 3.9561
108.0217 4.2150 4.4765 3.9588
108.2017 4.2203 4.4818 3.9639
108.3818 4.2263 4.4880 3.9698
108.5618 4.2180 4.4796 3.9617
108.7418 4.2203 4.4819 3.9639
108.9219 4.2275 4.4892 3.9710
109.1019 4.2196 4.4811 3.9632
109.2819 4.2181 4.4796 3.9617
109.4620 4.2180 4.4795 3.9617
109.6420 4.2232 4.4848 3.9667
109.8221 4.2160 4.4775 3.9597
110.0021 4.2210 4.4826 3.9646
110.1821 4.2238 4.4855 3.9674
110.3622 4.2156 4.4771 3.9593
110.5422 4.2129 4.4743 3.9566
110.7222 4.2168 4.4783 3.9605
110.9023 4.2153 4.4768 3.9590
111.0823 4.2149 4.4763 3.9586
111.2623 4.2137 4.4752 3.9575
111.4424 4.2115 4.4729 3.9553
111.6224 4.2130 4.4745 3.9568
111.8024 4.2150 4.4765 3.9588
111.9825 4.2109 4.4723 3.9547
112.1625 4.2119 4.4733 3.9557
112.3426 4.2142 4.4756 3.9579
112.5226 4.2130 4.4744 3.9568
112.7026 4.2188 4.4803 3.9625
112.8827 4.2222 4.4838 3.9658
113.0627 4.2243 4.4859 3.9678
113.2427 4.2254 4.4871 3.9689
113.4228 4.2207 4.4822 3.9643
113.6028 4.2203 4.4819 3.9640
113.7828 4.2228 4.4844 3.9664
113.9629 4.2237 4.4853 3.9672
114.1429 4.2230 4.4846 3.9666
114.3230 4.2322 4.4940 3.9756
114.5030 4.2319 4.4937 3.9753
114.6830 4.2239 4.4856 3.9675
114.8631 4.2160 4.4775 3.9598
115.0431 4.2081 4.4695 3.9520
115.2231 4.2015 4.4627 3.9455
115.4032 4.2008 4.4619 3.9448
115.5832 4.1987 4.4598 3.9428
115.7632 4.2072 4.4685 3.9511
115.9433 4.2062 4.4675 3.9502
116.1233 4.2025 4.4637 3.9464
116.3034 4.2001 4.4613 3.9442
116.4834 4.1972 4.4583 3.9413
116.6634 4.1990 4.4601 3.9430
116.8435 4.2011 4.4623 3.9451
117.0235 4.1942 4.4553 3.9384
117.2035 4.1941 4.4551 3.9382
117.3836 4.1950 4.4560 3.9391
117.5636 4.1981 4.4592 3.9422
117.7436 4.1946 4.4556 3.9387
117.9237 4.2014 4.4626 3.9454
118.1037 4.1978 4.4589 3.9419
118.2838 4.2008 4.4619 3.9448
118.4638 4.2036 4.4648 3.9476
118.6438 4.2083 4.4696 3.9522
118.8239 4.2061 4.4673 3.9500
119.0039 4.2070 4.4683 3.9509
119.1839 4.2021 4.4633 3.9461
119.3640 4.1987 4.4598 3.9428
119.5440 4.1939 4.4549 3.9381
119.7240 4.1995 4.4607 3.9436
119.9041 4.2001 4.4612 3.9441
120.0841 4.1925 4.4535 3.9367
120.2641 4.1851 4.4459 3.9294
120.4442 4.1776 4.4383 3.9221
120.6242 4.1772 4.4379 3.9217
120.8043 4.1770 4.4377 3.9215
120.9843 4.1802 4.4409 3.9246
121.1643 4.1901 4.4510 3.9343
121.3444 4.1916 4.4526 3.9358
121.5244 4.2002 4.4613 3.9442
121.7044 4.2028 4.4640 3.9468
121.8845 4.2043 4.4655 3.9482
122.0645 4.2048 4.4661 3.9488
122.2445 4.1982 4.4593 3.9423
122.4246 4.1955 4.4566 3.9397
122.6046 4.2038 4.4650 3.9477
122.7847 4.2040 4.4652 3.9479
122.9647 4.1966 4.4577 3.9407
123.1447 4.2049 4.4661 3.9488
123.3248 4.2043 4.4656 3.9483
123.5048 4.2044 4.4657 3.9484
123.6848 4.2073 4.4686 3.9512
123.8649 4.2097 4.4710 3.9535
124.0449 4.2075 4.4688 3.9514
124.2249 4.2094 4.4707 3.9532
124.4050 4.2085 4.4698 3.9524
124.5850 4.2120 4.4734 3.9558
124.7651 4.2160 4.4775 3.9598
124.9451 4.2149 4.4764 3.9587
125.1251 4.2077 4.4690 3.9516
125.3052 4.2071 4.4684 3.9510
125.4852 4.2017 4.4629 3.9458
125.6652 4.2075 4.4688 3.9514
125.8453 4.2118 4.4732 3.9556
126.0253 4.2089 4.4702 3.9527
126.2053 4.2192 4.4807 3.9629
126.3854 4.2258 4.4874 3.9693
126.5654 4.2298 4.4915 3.9732
126.7455 4.2314 4.4932 3.9748
126.9255 4.2265 4.4882 3.9700
127.1055 4.2256 4.4872 3.9691
127.2856 4.2285 4.4903 3.9720
127.4656 4.2229 4.4845 3.9664
127.6456 4.2305 4.4923 3.9740
127.8257 4.2293 4.4910 3.9727
128.0057 4.2283 4.4900 3.9718
128.1857 4.2277 4.4894 3.9712
128.3658 4.2341 4.4959 3.9774
128.5458 4.2362 4.4981 3.9795
128.7258 4.2409 4.5028 3.9841
128.9059 4.2365 4.4984 3.9798
129.0859 4.2295 4.4913 3.9730
129.2660 4.2274 4.4892 3.9709
129.4460 4.2262 4.4879 3.9698
129.6260 4.2238 4.4855 3.9674
129.8061 4.2231 4.4847 3.9667
129.9861 4.2161 4.4776 3.9598
130.1661 4.2091 4.4705 3.9530
130.3462 4.2122 4.4736 3.9560
130.5262 4.2134 4.4748 3.9571
130.7062 4.2127 4.4741 3.9565
130.8863 4.2111 4.4725 3.9549
131.0663 4.2217 4.4833 3.9653
131.2464 4.2218 4.4834 3.9654
131.4264 4.2244 4.4861 3.9680
131.6064 4.2272 4.4889 3.9707
131.7865 4.2317 4.4935 3.9751
131.9665 4.2342 4.4960 3.9775
132.1465 4.2387 4.5006 3.9819
132.3266 4.2374 4.4993 3.9807
132.5066 4.2343 4.4961 3.9776
132.6866 4.2282 4.4899 3.9717
132.8667 4.2319 4.4937 3.9753
133.0467 4.2350 4.4969 3.9784
133.2268 4.2302 4.4920 3.9737
133.4068 4.2287 4.4904 3.9721
133.5868 4.2260 4.4876 3.9695
133.7669 4.2284 4.4901 3.9719
133.9469 4.2309 4.4927 3.9744
134.1269 4.2318 4.4936 3.9753
134.3070 4.2342 4.4960 3.9775
134.4870 4.2321 4.4939 3.9755
134.6670 4.2364 4.4983 3.9797
134.8471 4.2327 4.4946 3.9761
135.0271 4.2346 4.4965 3.9780
135.2071 4.2327 4.4945 3.9761
135.3872 4.2422 4.5042 3.9854
135.5672 4.2419 4.5039 3.9851
135.7473 4.2467 4.5088 3.9898
135.9273 4.2467 4.5088 3.9898
136.1073 4.2479 4.5100 3.9910
136.2874 4.2412 4.5032 3.9845
136.4674 4.2525 4.5148 3.9955
136.6474 4.2607 4.5231 4.0036
136.8275 4.2647 4.5272 4.0075
137.0075 4.2650 4.5274 4.0077
137.1875 4.2595 4.5218 4.0023
137.3676 4.2528 4.5150 3.9958
137.5476 4.2519 4.5141 3.9949
137.7277 4.2492 4.5113 3.9922
137.9077 4.2472 4.5093 3.9903
138.0877 4.2487 4.5109 3.9918
138.2678 4.2532 4.5154 3.9962
138.4478 4.2561 4.5183 3.9990
138.6278 4.2546 4.5169 3.9976
138.8079 4.2480 4.5101 3.9911
138.9879 4.2461 4.5082 3.9892
139.1679 4.2430 4.5051 3.9862
139.3480 4.2426 4.5046 3.9858
139.5280 4.2464 4.5085 3.9895
139.7081 4.2469 4.5090 3.9900
139.8881 4.2476 4.5097 3.9907
140.0681 4.2476 4.5097 3.9907
140.2482 4.2473 4.5094 3.9904
140.4282 4.2464 4.5085 3.9895
140.6082 4.2415 4.5035 3.9848
140.7883 4.2471 4.5092 3.9902
140.9683 4.2408 4.5028 3.9840
141.1483 4.2355 4.4973 3.9788
141.3284 4.2356 4.4975 3.9789
141.5084 4.2307 4.4925 3.9742
141.6885 4.2308 4.3867 4.0768
141.8685 4.2286 4.3845 4.0746
142.0485 4.2285 4.3843 4.0745
142.2286 4.2264 4.3822 4.0724
142.4086 4.2260 4.3819 4.0721
142.5886 4.2380 4.3940 4.0839
142.7687 4.2350 4.3909 4.0809
142.9487 4.2373 4.3933 4.0832
143.1287 4.2358 4.3918 4.0818
143.3088 4.2410 4.3970 4.0869
143.4888 4.2377 4.3937 4.0836
143.6688 4.2384 4.3944 4.0843
143.8489 4.2379 4.3939 4.0838
144.0289 4.2411 4.3971 4.0870
144.2090 4.2468 4.4028 4.0925
144.3890 4.2467 4.4028 4.0925
144.5690 4.2480 4.4041 4.0938
144.7491 4.2470 4.4031 4.0928
144.9291 4.2461 4.4022 4.0919
145.1091 4.2483 4.4044 4.0941
145.2892 4.2515 4.4076 4.0972
145.4692 4.2531 4.4092 4.0988
145.6492 4.2533 4.4095 4.0990
145.8293 4.2601 4.4163 4.1057
146.0093 4.2639 4.4202 4.1095
146.1894 4.2660 4.4223 4.1116
146.3694 4.2678 4.4241 4.1133
146.5494 4.2622 4.4184 4.1078
146.7295 4.2559 4.4121 4.1016
146.9095 4.2497 4.4058 4.0954
147.0895 4.2445 4.4006 4.0904
147.2696 4.2435 4.3996 4.0894
147.4496 4.2437 4.3998 4.0896
147.6296 4.2377 4.3937 4.0836
147.8097 4.2407 4.3967 4.0866
147.9897 4.2346 4.3905 4.0805
148.1698 4.2405 4.3965 4.0864
148.3498 4.2441 4.4001 4.0899
148.5298 4.2498 4.4059 4.0956
148.7099 4.2519 4.4080 4.0976
148.8899 4.2498 4.4059 4.0955
149.0699 4.2436 4.3997 4.0895
149.2500 4.2447 4.4007 4.0905
149.4300 4.2397 4.3956 4.0855
149.6100 4.2392 4.3951 4.0850
149.7901 4.2417 4.3977 4.0875
149.9701 4.2409 4.3969 4.0868
150.1502 4.2482 4.4043 4.0940
150.3302 4.2453 4.4013 4.0911
150.5102 4.2440 4.4000 4.0898
150.6903 4.2411 4.3971 4.0869
150.8703 4.2419 4.3980 4.0878
151.0503 4.2481 4.4042 4.0939
151.2304 4.2472 4.4033 4.0930
151.4104 4.2539 4.4101 4.0996
151.5904 4.2581 4.4143 4.1037
151.7705 4.2651 4.4214 4.1107
151.9505 4.2695 4.4259 4.1150
152.1305 4.2743 4.4308 4.1198
152.3106 4.2714 4.4277 4.1169
152.4906 4.2703 4.4266 4.1158
152.6707 4.2735 4.4299 4.1190
152.8507 4.2696 4.4260 4.1152
153.0307 4.2721 4.4285 4.1176
153.2108 4.2689 4.4253 4.1145
153.3908 4.2673 4.4236 4.1129
153.5708 4.2678 4.4241 4.1133
153.7509 4.2674 4.4237 4.1129
153.9309 4.2700 4.4263 4.1155
154.1109 4.2732 4.4296 4.1186
154.2910 4.2733 4.4297 4.1188
154.4710 4.2681 4.4244 4.1136
154.6511 4.2744 4.4309 4.1199
154.8311 4.2742 4.4306 4.1196
155.0111 4.2719 4.4283 4.1174
155.1912 4.2673 4.4236 4.1128
155.3712 4.2621 4.4184 4.1077
155.5512 4.2586 4.4148 4.1043
155.7313 4.2564 4.4126 4.1021
155.9113 4.2574 4.4136 4.1031
156.0913 4.2596 4.4159 4.1053
156.2714 4.2612 4.4174 4.1068
156.4514 4.2626 4.4189 4.1082
156.6315 4.2589 4.4151 4.1046
156.8115 4.2607 4.4169 4.1063
156.9915 4.2568 4.4130 4.1024
157.1716 4.2583 4.4145 4.1039
157.3516 4.2653 4.4216 4.1109
157.5316 4.2744 4.4308 4.1198
157.7117 4.2711 4.4275 4.1166
157.8917 4.2740 4.4304 4.1194
158.0717 4.2701 4.4264 4.1156
158.2518 4.2775 4.4340 4.1229
158.4318 4.2758 4.4322 4.1212
158.6118 4.2744 4.4308 4.1198
158.7919 4.2799 4.4364 4.1253
158.9719 4.2843 4.4409 4.1297
159.1520 4.2884 4.4450 4.1337
159.3320 4.2926 4.4492 4.1379
159.5120 4.2938 4.4504 4.1390
159.6921 4.2996 4.4563 4.1447
159.8721 4.3002 4.4570 4.1454
160.0521 4.2979 4.4546 4.1431
160.2322 4.2963 4.4530 4.1415
160.4122 4.3009 4.4577 4.1461
160.5922 4.2991 4.4558 4.1443
160.7723 4.2969 4.4536 4.1421
160.9523 4.2983 4.4550 4.1434
161.1324 4.2956 4.4523 4.1408
161.3124 4.2975 4.4542 4.1427
161.4924 4.2967 4.4534 4.1419
161.6725 4.2977 4.4544 4.1429
161.8525 4.2951 4.4517 4.1403
162.0325 4.2950 4.4516 4.1402
162.2126 4.2993 4.4560 4.1444
162.3926 4.2942 4.4508 4.1394
162.5726 4.2907 4.4473 4.1360
162.7527 4.2913 4.4479 4.1365
162.9327 4.2885 4.4451 4.1338
163.1128 4.2854 4.4420 4.1308
163.2928 4.2817 4.4382 4.1271
163.4728 4.2769 4.4333 4.1223
163.6529 4.2797 4.4362 4.1251
163.8329 4.2805 4.4370 4.1259
164.0129 4.2775 4.4340 4.1230
164.1930 4.2756 4.4320 4.1211
164.3730 4.2736 4.4300 4.1191
164.5530 4.2767 4.4331 4.1221
164.7331 4.2821 4.4386 4.1274
164.9131 4.2811 4.4376 4.1265
165.0932 4.2837 4.4402 4.1291
165.2732 4.2833 4.4398 4.1286
165.4532 4.2826 4.4391 4.1280
165.6333 4.2817 4.4382 4.1270
165.8133 4.2836 4.4401 4.1290
165.9933 4.2852 4.4417 4.1305
166.1734 4.2830 4.4395 4.1283
166.3534 4.2848 4.4413 4.1301
166.5334 4.2907 4.4473 4.1359
166.7135 4.2972 4.4538 4.1424
166.8935 4.2942 4.4509 4.1394
167.0735 4.2919 4.4486 4.1372
167.2536 4.2903 4.4469 4.1356
167.4336 4.2936 4.4502 4.1388
167.6137 4.2924 4.4490 4.1376
167.7937 4.2898 4.4464 4.1351
167.9737 4.2895 4.4461 4.1348
168.1538 4.2868 4.4434 4.1321
168.3338 4.2827 4.4392 4.1280
168.5138 4.2799 4.4364 4.1253
168.6939 4.2798 4.4363 4.1252
168.8739 4.2797 4.4362 4.1251
169.0539 4.2797 4.4362 4.1251
169.2340 4.2765 4.4329 4.1219
169.4140 4.2813 4.4378 4.1267
169.5941 4.2792 4.4356 4.1246
169.7741 4.2788 4.4353 4.1242
169.9541 4.2807 4.4372 4.1261
170.1342 4.2789 4.4354 4.1243
170.3142 4.2804 4.4369 4.1258
170.4942 4.2802 4.4367 4.1256
170.6743 4.2835 4.4400 4.1288
170.8543 4.2822 4.4387 4.1275
171.0343 4.2797 4.4362 4.1251
171.2144 4.2744 4.4308 4.1199
171.3944 4.2822 4.4387 4.1275
171.5745 4.2808 4.4372 4.1262
171.7545 4.2762 4.4327 4.1217
171.9345 4.2764 4.4328 4.1218
172.1146 4.2736 4.4300 4.1191
172.2946 4.2723 4.4287 4.1178
172.4746 4.2738 4.4302 4.1192
172.6547 4.2777 4.4341 4.1231
172.8347 4.2760 4.4325 4.1215
173.0147 4.2852 4.4418 4.1306
173.1948 4.2901 4.4467 4.1353
173.3748 4.2896 4.4462 4.1349
173.5548 4.2946 4.4512 4.1398
173.7349 4.2912 4.4478 4.1364
173.9149 4.2861 4.4427 4.1315
174.0950 4.2893 4.4458 4.1345
174.2750 4.2873 4.4439 4.1326
174.4550 4.2837 4.4402 4.1290
174.6351 4.2810 4.4375 4.1264
174.8151 4.2863 4.4428 4.1316
174.9951 4.2898 4.4464 4.1351
175.1752 4.2849 4.4414 4.1302
175.3552 4.2852 4.4417 4.1305
175.5352 4.2852 4.4417 4.1305
175.7153 4.2859 4.4424 4.1312
175.8953 4.2866 4.4432 4.1319
176.0754 4.2862 4.4427 4.1315
176.2554 4.2861 4.4427 4.1315
176.4354 4.2839 4.4404 4.1292
176.6155 4.2841 4.4406 4.1294
176.7955 4.2839 4.4405 4.1293
176.9755 4.2796 4.4361 4.1250
177.1556 4.2744 4.4308 4.1198
177.3356 4.2715 4.4279 4.1170
177.5156 4.2668 4.4231 4.1123
177.6957 4.2619 4.4181 4.1075
177.8757 4.2711 4.4275 4.1166
178.0558 4.2733 4.4297 4.1187
178.2358 4.2749 4.4314 4.1204
178.4158 4.2707 4.4271 4.1162
178.5959 4.2738 4.4302 4.1192
178.7759 4.2723 4.4287 4.1178
178.9559 4.2707 4.4270 4.1162
179.1360 4.2693 4.4256 4.1148
179.3160 4.2680 4.4243 4.1135
179.4960 4.2657 4.4220 4.1113
179.6761 4.2647 4.4210 4.1103
179.8561 4.2673 4.4237 4.1129
180.0362 4.2679 4.4242 4.1134
180.2162 4.2642 4.4204 4.1097
180.3962 4.2672 4.4236 4.1128
180.5763 4.2641 4.4204 4.1097
180.7563 4.2590 4.4153 4.1047
180.9363 4.2610 4.4172 4.1066
181.1164 4.2608 4.4170 4.1064
181.2964 4.2600 4.4162 4.1057
181.4764 4.2670 4.4234 4.1126
181.6565 4.2774 4.4338 4.1228
181.8365 4.2752 4.4316 4.1207
182.0165 4.2779 4.4344 4.1234
182.1966 4.2770 4.4334 4.1224
182.3766 4.2787 4.4352 4.1241
182.5567 4.2775 4.4339 4.1229
182.7367 4.2744 4.4308 4.1198
182.9167 4.2701 4.4264 4.1156
183.0968 4.2699 4.4263 4.1155
183.2768 4.2667 4.4230 4.1122
183.4568 4.2727 4.4291 4.1182
183.6369 4.2717 4.4281 4.1172
183.8169 4.2732 4.4296 4.1187
183.9969 4.2682 4.4245 4.1137
184.1770 4.2750 4.4314 4.1205
184.3570 4.2751 4.4315 4.1206
184.5371 4.2736 4.4300 4.1191
184.7171 4.2761 4.4326 4.1216
184.8971 4.2767 4.4331 4.1221
185.0772 4.2802 4.4367 4.1256
185.2572 4.2795 4.4360 4.1249
185.4372 4.2783 4.4348 4.1237
185.6173 4.2752 4.4316 4.1206
185.7973 4.2782 4.4347 4.1236
185.9773 4.2778 4.4343 4.1233
186.1574 4.2747 4.4311 4.1201
186.3374 4.2774 4.4338 4.1228
186.5175 4.2736 4.4300 4.1191
186.6975 4.2777 4.4341 4.1231
186.8775 4.2852 4.4417 4.1305
187.0576 4.2886 4.4452 4.1339
187.2376 4.2884 4.4449 4.1337
187.4176 4.2863 4.4429 4.1316
187.5977 4.2829 4.4394 4.1283
187.7777 4.2829 4.4394 4.1283
187.9577 4.2819 4.4384 4.1272
188.1378 4.2836 4.4401 4.1290
188.3178 4.2874 4.4439 4.1327
188.4979 4.2890 4.4456 4.1343
188.6779 4.2879 4.4444 4.1332
188.8579 4.2865 4.3804 4.1933
189.0380 4.2859 4.3798 4.1927
189.2180 4.2863 4.3802 4.1930
189.3980 4.2851 4.3790 4.1919
189.5781 4.2866 4.3805 4.1933
189.7581 4.2884 4.3823 4.1951
189.9381 4.2854 4.3793 4.1922
190.1182 4.2848 4.3787 4.1916
190.2982 4.2845 4.3783 4.1913
190.4782 4.2838 4.3777 4.1906
190.6583 4.2844 4.3782 4.1911
190.8383 4.2818 4.3757 4.1886
191.0184 4.2878 4.3817 4.1946
191.1984 4.2897 4.3837 4.1965
191.3784 4.2916 4.3855 4.1983
191.5585 4.2911 4.3850 4.1978
191.7385 4.2935 4.3875 4.2002
191.9185 4.2969 4.3909 4.2036
192.0986 4.2938 4.3878 4.2005
192.2786 4.2918 4.3858 4.1986
192.4586 4.2909 4.3848 4.1976
192.6387 4.2870 4.3809 4.1938
192.8187 4.2907 4.3846 4.1974
192.9988 4.2963 4.3902 4.2030
193.1788 4.2977 4.3917 4.2044
193.3588 4.2990 4.3930 4.2057
193.5389 4.2997 4.3937 4.2064
193.7189 4.2967 4.3907 4.2034
193.8989 4.2949 4.3889 4.2017
194.0790 4.2963 4.3903 4.2030
194.2590 4.3032 4.3972 4.2098
194.4390 4.3017 4.3957 4.2083
194.6191 4.3010 4.3950 4.2077
194.7991 4.3018 4.3958 4.2085
194.9792 4.3068 4.4008 4.2134
195.1592 4.3079 4.4020 4.2145
195.3392 4.3103 4.4044 4.2169
195.5193 4.3137 4.4078 4.2203
195.6993 4.3115 4.4056 4.2181
195.8793 4.3132 4.4073 4.2198
196.0594 4.3102 4.4043 4.2168
196.2394 4.3111 4.4052 4.2177
196.4194 4.3114 4.4055 4.2180
196.5995 4.3159 4.4100 4.2225
196.7795 4.3158 4.4099 4.2223
196.9595 4.3140 4.4081 4.2206
197.1396 4.3170 4.4112 4.2236
197.3196 4.3144 4.4085 4.2210
197.4997 4.3125 4.4066 4.2191
197.6797 4.3173 4.4114 4.2238
197.8597 4.3212 4.4153 4.2277
198.0398 4.3216 4.4158 4.2281
198.2198 4.3240 4.4182 4.2305
198.3998 4.3285 4.4227 4.2350
198.5799 4.3297 4.4239 4.2362
198.7599 4.3290 4.4232 4.2354
198.9399 4.3292 4.4235 4.2357
199.1200 4.3245 4.4187 4.2311
199.3000 4.3274 4.4216 4.2339
199.4801 4.3260 4.4202 4.2325
199.6601 4.3287 4.4229 4.2351
199.8401 4.3256 4.4198 4.2321
